*------------------------
*Problem Variables
*------------------------
*Titles
title1	= "Frictional detachment" 
title2	= "e=2.5 MPa, UN=0.2 mm"

*Rock Properties
pr	= 0.2		*(possions ratio) 
e	=	4	*(youngs	modulus	MPa)
k1c	= 2.5		*(mode I fracture toughness, MPa*m^1/2)
tensileStrength = 1 

*Symmetry 
ksym = 1 

*Gravitational stresses
gravity = 1		*(apply gravity 0=no, 1=yes)
kratio  = 1       	*(horizontal:vertical gravitation stress)
density = 1700		*(density of rock kg/m^3)

*Number of Observation Lines and Boundary Lines
nolines = 248		*(number of observation lines)
nblines	= 8	   *(number of boundary lines)

*Options Commands
nsteps	=	1	*(number	of	loading	steps)
niters	= 1		*(number of iterations)
pdfiter	= 1 	  	*(print data from iteration *s..)
bdata	= 1		*(print data along boundaries	0=no 1=yes)
fdata	= 1		*(print data along (new fractures	0=no 1=yes)
faultData = 1		*(print data along faults 0=no 1=yes)
odata	= 0		*(print observation line data	0=no 1=yes)
tolerance = 1.0e-7
tolCounter = 200

*Update topography in GROW? ('YES' or 'NO')
*Update = YES

* Run sequentially (SEQUENTIAL, alphanumeric order) or serially (SERIAL, only  most efficient fault)
*Run_Mode = SEQUENTIAL

end	*(terminate list)

*Observation Lines
*------------------ 
*xbeg		    ybeg	xend	yend	numpb 
0.00200 0.00200 0.00200 0.09192 45
0.00400 0.00200 0.00400 0.09084 44
0.00600 0.00200 0.00600 0.08976 44
0.00800 0.00200 0.00800 0.08868 43
0.01000 0.00200 0.01000 0.08761 43
0.01200 0.00200 0.01200 0.08653 42
0.01400 0.00200 0.01400 0.08545 42
0.01600 0.00200 0.01600 0.08437 41
0.01800 0.00200 0.01800 0.08329 41
0.02000 0.00200 0.02000 0.08221 40
0.02200 0.00200 0.02200 0.08113 40
0.02400 0.00200 0.02400 0.08005 39
0.02600 0.00200 0.02600 0.07897 38
0.02800 0.00200 0.02800 0.07790 38
0.03000 0.00200 0.03000 0.07682 37
0.03200 0.00200 0.03200 0.07574 37
0.03400 0.00200 0.03400 0.07466 36
0.03600 0.00200 0.03600 0.07358 36
0.03800 0.00200 0.03800 0.07250 35
0.04000 0.00200 0.04000 0.07142 35
0.04200 0.00200 0.04200 0.07034 34
0.04400 0.00200 0.04400 0.06927 34
0.04600 0.00200 0.04600 0.06819 33
0.04800 0.00200 0.04800 0.06711 33
0.05000 0.00200 0.05000 0.06603 32
0.05200 0.00200 0.05200 0.06500 32
0.05400 0.00200 0.05400 0.06392 31
0.05600 0.00200 0.05600 0.06285 30
0.05800 0.00200 0.05800 0.06177 30
0.06000 0.00200 0.06000 0.06069 29
0.06200 0.00200 0.06200 0.05961 29
0.06400 0.00200 0.06400 0.05853 28
0.06600 0.00200 0.06600 0.05745 28
0.06800 0.00200 0.06800 0.05637 27
0.07000 0.00200 0.07000 0.05529 27
0.07200 0.00200 0.07200 0.05422 26
0.07400 0.00200 0.07400 0.05314 26
0.07600 0.00200 0.07600 0.05206 25
0.07800 0.00200 0.07800 0.05098 24
0.08000 0.00200 0.08000 0.04990 24
0.08200 0.00200 0.08200 0.04882 23
0.08400 0.00200 0.08400 0.04774 23
0.08600 0.00200 0.08600 0.04666 22
0.08800 0.00200 0.08800 0.04558 22
0.09000 0.00200 0.09000 0.03800 18
0.09200 0.00200 0.09200 0.03800 18
0.09400 0.00200 0.09400 0.03800 18
0.09600 0.00200 0.09600 0.03800 18
0.09800 0.00200 0.09800 0.03800 18
0.10000 0.00200 0.10000 0.03800 18
0.10200 0.00200 0.10200 0.03800 18
0.10400 0.00200 0.10400 0.03800 18
0.10600 0.00200 0.10600 0.03800 18
0.10800 0.00200 0.10800 0.03800 18
0.11000 0.00200 0.11000 0.03800 18
0.11200 0.00200 0.11200 0.03800 18
0.11400 0.00200 0.11400 0.03800 18
0.11600 0.00200 0.11600 0.03800 18
0.11800 0.00200 0.11800 0.03800 18
0.12000 0.00200 0.12000 0.03800 18
0.12200 0.00200 0.12200 0.03800 18
0.12400 0.00200 0.12400 0.03800 18
0.12600 0.00200 0.12600 0.03800 18
0.12800 0.00200 0.12800 0.03800 18
0.13000 0.00200 0.13000 0.03800 18
0.13200 0.00200 0.13200 0.03800 18
0.13400 0.00200 0.13400 0.03800 18
0.13600 0.00200 0.13600 0.03800 18
0.13800 0.00200 0.13800 0.03800 18
0.14000 0.00200 0.14000 0.03800 18
0.14200 0.00200 0.14200 0.03800 18
0.14400 0.00200 0.14400 0.03800 18
0.14600 0.00200 0.14600 0.03800 18
0.14800 0.00200 0.14800 0.03800 18
0.15000 0.00200 0.15000 0.03800 18
0.15200 0.00200 0.15200 0.03800 18
0.15400 0.00200 0.15400 0.03800 18
0.15600 0.00200 0.15600 0.03800 18
0.15800 0.00200 0.15800 0.03800 18
0.16000 0.00200 0.16000 0.03800 18
0.16200 0.00200 0.16200 0.03800 18
0.16400 0.00200 0.16400 0.03800 18
0.16600 0.00200 0.16600 0.03800 18
0.16800 0.00200 0.16800 0.03800 18
0.17000 0.00200 0.17000 0.03800 18
0.17200 0.00200 0.17200 0.03800 18
0.17400 0.00200 0.17400 0.03800 18
0.17600 0.00200 0.17600 0.03800 18
0.17800 0.00200 0.17800 0.03800 18
0.18000 0.00200 0.18000 0.03800 18
0.18200 0.00200 0.18200 0.03800 18
0.18400 0.00200 0.18400 0.03800 18
0.18600 0.00200 0.18600 0.03800 18
0.18800 0.00200 0.18800 0.03800 18
0.19000 0.00200 0.19000 0.03800 18
0.19200 0.00200 0.19200 0.03800 18
0.19400 0.00200 0.19400 0.03800 18
0.19600 0.00200 0.19600 0.03800 18
0.19800 0.00200 0.19800 0.03800 18
0.20000 0.00200 0.20000 0.03800 18
0.20200 0.00200 0.20200 0.03800 18
0.20400 0.00200 0.20400 0.03800 18
0.20600 0.00200 0.20600 0.03800 18
0.20800 0.00200 0.20800 0.03800 18
0.21000 0.00200 0.21000 0.03800 18
0.21200 0.00200 0.21200 0.03800 18
0.21400 0.00200 0.21400 0.03800 18
0.21600 0.00200 0.21600 0.03800 18
0.21800 0.00200 0.21800 0.03800 18
0.22000 0.00200 0.22000 0.03800 18
0.22200 0.00200 0.22200 0.03800 18
0.22400 0.00200 0.22400 0.03800 18
0.22600 0.00200 0.22600 0.03800 18
0.22800 0.00200 0.22800 0.03800 18
0.23000 0.00200 0.23000 0.03800 18
0.23200 0.00200 0.23200 0.03800 18
0.23400 0.00200 0.23400 0.03800 18
0.23600 0.00200 0.23600 0.03800 18
0.23800 0.00200 0.23800 0.03800 18
0.24000 0.00200 0.24000 0.03800 18
0.24200 0.00200 0.24200 0.03800 18
0.24400 0.00200 0.24400 0.03800 18
0.24600 0.00200 0.24600 0.03800 18
0.24800 0.00200 0.24800 0.03800 18
0.25000 0.00200 0.25000 0.03800 18
0.25200 0.00200 0.25200 0.03800 18
0.25400 0.00200 0.25400 0.03800 18
0.25600 0.00200 0.25600 0.03800 18
0.25800 0.00200 0.25800 0.03800 18
0.26000 0.00200 0.26000 0.03800 18
0.26200 0.00200 0.26200 0.03800 18
0.26400 0.00200 0.26400 0.03800 18
0.26600 0.00200 0.26600 0.03800 18
0.26800 0.00200 0.26800 0.03800 18
0.27000 0.00200 0.27000 0.03800 18
0.27200 0.00200 0.27200 0.03800 18
0.27400 0.00200 0.27400 0.03800 18
0.27600 0.00200 0.27600 0.03800 18
0.27800 0.00200 0.27800 0.03800 18
0.28000 0.00200 0.28000 0.03800 18
0.28200 0.00200 0.28200 0.03800 18
0.28400 0.00200 0.28400 0.03800 18
0.28600 0.00200 0.28600 0.03800 18
0.28800 0.00200 0.28800 0.03800 18
0.29000 0.00200 0.29000 0.03800 18
0.29200 0.00200 0.29200 0.03800 18
0.29400 0.00200 0.29400 0.03800 18
0.29600 0.00200 0.29600 0.03800 18
0.29800 0.00200 0.29800 0.03800 18
0.30000 0.00200 0.30000 0.03800 18
0.30200 0.00200 0.30200 0.03800 18
0.30400 0.00200 0.30400 0.03800 18
0.30600 0.00200 0.30600 0.03800 18
0.30800 0.00200 0.30800 0.03800 18
0.31000 0.00200 0.31000 0.03800 18
0.31200 0.00200 0.31200 0.03800 18
0.31400 0.00200 0.31400 0.03800 18
0.31600 0.00200 0.31600 0.03800 18
0.31800 0.00200 0.31800 0.03800 18
0.32000 0.00200 0.32000 0.03800 18
0.32200 0.00200 0.32200 0.03800 18
0.32400 0.00200 0.32400 0.03800 18
0.32600 0.00200 0.32600 0.03800 18
0.32800 0.00200 0.32800 0.03800 18
0.33000 0.00200 0.33000 0.03800 18
0.33200 0.00200 0.33200 0.03800 18
0.33400 0.00200 0.33400 0.03800 18
0.33600 0.00200 0.33600 0.03800 18
0.33800 0.00200 0.33800 0.03800 18
0.34000 0.00200 0.34000 0.03800 18
0.34200 0.00200 0.34200 0.03800 18
0.34400 0.00200 0.34400 0.03800 18
0.34600 0.00200 0.34600 0.03800 18
0.34800 0.00200 0.34800 0.03800 18
0.35000 0.00200 0.35000 0.03800 18
0.35200 0.00200 0.35200 0.03800 18
0.35400 0.00200 0.35400 0.03800 18
0.35600 0.00200 0.35600 0.03800 18
0.35800 0.00200 0.35800 0.03800 18
0.36000 0.00200 0.36000 0.03800 18
0.36200 0.00200 0.36200 0.03800 18
0.36400 0.00200 0.36400 0.03800 18
0.36600 0.00200 0.36600 0.03800 18
0.36800 0.00200 0.36800 0.03800 18
0.37000 0.00200 0.37000 0.03800 18
0.37200 0.00200 0.37200 0.03800 18
0.37400 0.00200 0.37400 0.03800 18
0.37600 0.00200 0.37600 0.03800 18
0.37800 0.00200 0.37800 0.03800 18
0.38000 0.00200 0.38000 0.03800 18
0.38200 0.00200 0.38200 0.03800 18
0.38400 0.00200 0.38400 0.03800 18
0.38600 0.00200 0.38600 0.03800 18
0.38800 0.00200 0.38800 0.03800 18
0.39000 0.00200 0.39000 0.03800 18
0.39200 0.00200 0.39200 0.03800 18
0.39400 0.00200 0.39400 0.03800 18
0.39600 0.00200 0.39600 0.03800 18
0.39800 0.00200 0.39800 0.03800 18
0.40000 0.00200 0.40000 0.03800 18
0.40200 0.00200 0.40200 0.03800 18
0.40400 0.00200 0.40400 0.03800 18
0.40600 0.00200 0.40600 0.03800 18
0.40800 0.00200 0.40800 0.03800 18
0.41000 0.00200 0.41000 0.03800 18
0.41200 0.00200 0.41200 0.03800 18
0.41400 0.00200 0.41400 0.03800 18
0.41600 0.00200 0.41600 0.03800 18
0.41800 0.00200 0.41800 0.03800 18
0.42000 0.00200 0.42000 0.03800 18
0.42200 0.00200 0.42200 0.03800 18
0.42400 0.00200 0.42400 0.03800 18
0.42600 0.00200 0.42600 0.03800 18
0.42800 0.00200 0.42800 0.03800 18
0.43000 0.00200 0.43000 0.03800 18
0.43200 0.00200 0.43200 0.03800 18
0.43400 0.00200 0.43400 0.03800 18
0.43600 0.00200 0.43600 0.03800 18
0.43800 0.00200 0.43800 0.03800 18
0.44000 0.00200 0.44000 0.03800 18
0.44200 0.00200 0.44200 0.03800 18
0.44400 0.00200 0.44400 0.03800 18
0.44600 0.00200 0.44600 0.03800 18
0.44800 0.00200 0.44800 0.03800 18
0.45000 0.00200 0.45000 0.03800 18
0.45200 0.00200 0.45200 0.03800 18
0.45400 0.00200 0.45400 0.03800 18
0.45600 0.00200 0.45600 0.03800 18
0.45800 0.00200 0.45800 0.03800 18
0.46000 0.00200 0.46000 0.03800 18
0.46200 0.00200 0.46200 0.03800 18
0.46400 0.00200 0.46400 0.03800 18
0.46600 0.00200 0.46600 0.03800 18
0.46800 0.00200 0.46800 0.03800 18
0.47000 0.00200 0.47000 0.03800 18
0.47200 0.00200 0.47200 0.03800 18
0.47400 0.00200 0.47400 0.03800 18
0.47600 0.00200 0.47600 0.03800 18
0.47800 0.00200 0.47800 0.03800 18
0.48000 0.00200 0.48000 0.03800 18
0.48200 0.00200 0.48200 0.03800 18
0.48400 0.00200 0.48400 0.03800 18
0.48600 0.00200 0.48600 0.03800 18
0.48800 0.00200 0.48800 0.03800 18
0.49000 0.00200 0.49000 0.03800 18
0.49200 0.00200 0.49200 0.03800 18
0.49400 0.00200 0.49400 0.03800 18
0.49600 0.00200 0.49600 0.03800 18

*------------------
*Boundary Lines
*------------------
*										STATIC		MONOTONIC
*num	xbeg		ybeg		xend		yend		knode	bvs	bvn	bvs	bvn
*---	----		----		----		----		-----	---	---	---	---
38	0.00000	0.00000	0.00000	0.09500	4	0	0	0.00000	-0.0002
41	0.00000	0.09500	0.09000	0.04650	1	0	0	0.00000	0.00000
12	0.09000	0.04650	0.12000	0.04000	1	0	0	0.00000	0.00000
152	0.12000	0.04000	0.50000	0.04000	1	0	0	0.00000	0.00000
16	0.50000	0.04000	0.50000	0.00000	4	0	0	0.00000	0.00000
4	0.50000	0.00000	0.50000	-0.01000	2	0	0	0.00000	0.00000
200	0.50000	-0.01000	0.00000	-0.01000	2	0	0	0.00000	0.00000
4	0.00000	-0.01000	0.00000	0.00000	2	0	0	0.00000	0.00000
 
 
*----------------------
*Fault Conditions 
*----------------------
*fault	name	grow_tails?	from_end1?	from_end2?
*num    xbeg    ybeg    xend    yend    stiffS          stiffN          ten-str init-coh/strength slid-coh stat-fric dy-fric crit-slip
*----		----		----	----		----		------	------	-----	----   ----    ----
fault detach no no no
68	0.00	0.00	0.17	0.0	1e10	1e10	1	0	0	0	0	0.0
188	0.17	0.00	0.50	0.0	1e10	1e10	1	0 	0 	0	0	0.0


fault fore no no yes
4    0.1700         0    0.1800    0.0047	1e10	1e10	1	0	0	0.4	0.1	0.00002


